8.276556809651938393e-03
1.319687497055432868e-02
1.730689466405515436e-02
2.188897079181184591e-02
2.232471127184456477e-02
2.826231258396722304e-02
3.203401082521564053e-02
4.591345625904386107e-02
4.591536770019859909e-02
4.668035134241264178e-02
4.723092457765666607e-02
5.322261791872402031e-02
5.682109773829668864e-02
5.903306702868977435e-02
7.606049473529280514e-02
8.352766536893781180e-02
1.012225732159885427e-01
1.143830160892961023e-01
1.214184014665020822e-01
1.246061209540851866e-01
1.580158365942994914e-01
1.786758543900271168e-01
1.927589673856842101e-01
2.870031986255346390e-01
2.870034254065235713e-01
3.150781017522696348e-01
3.480064346646180584e-01
3.548122515236468710e-01
3.548123550240417368e-01
4.084284172947013625e-01
4.084301209856773807e-01
4.266089021800157366e-01
4.422759460348980043e-01
4.524876809281269119e-01
4.705675718606636138e-01
6.573387334486769928e-01
6.573390292059043682e-01
7.796024996118766648e-01
7.796056125345932619e-01
8.337479286547262447e-01
8.421397278782314366e-01
8.421404630643061218e-01
1.695533190546074209e+00
1.695533332587304765e+00
6.212555684662987687e+01
